$line=o
{Rogero_Truncated}
b
0  9
0  N10
0 8
06
05
03
0 6
0 N11
05
0 N11
b

b
05
03
01
03
05
06
05
0  N12
0 6
00
b

b
0  7
0  5
03
08
06
05
03
01
03
0 6
b

b
00
01
0 5
0 3
0  5
0   N12
0 5
01
03
01
b

b
00
0 3
0 1
0 0
0    N12
0 0
0     3
0 0
0  5
0  7
b

b
00
0  7
0 0
0  5
0  7
00
0  7
01
00
0  7
b

b
0  5
0 0
0   N10
0  7
0  4
0 1
0 3
0  9
01
0 8
b

b
0 1
0 3
00
0 6
0 8
00
01
03
05
06
b

b
05
0  N12
01
0  9
0 3
06
05
03
01
0 5
b

b
0 3
00
0 1
0  7
00
0  7
00
01
00
0     8
b

b
0  N12
0 6
00
0 1
0 3
0 5
01
0 8
01
0  7
b

b
0  9
01
03
0 N10
0 N12
08
06
0 N10
0 8
01
b

b
00
0 3
0   N10
0 3
00
0  N10
03
05
06
03
b

b
0 N10
0 3
00
0 6
03
05
07
08
05
0N10
b

b
08
0 N12
05
03
0 6
00
0  7
0  5
0 0
0  0
b

b
00
0  N11
0  N12
05
07
0 8
05
07
08
0 N12
b

b
05
03
0 N10
07
08
0 N10
0 N12
08
0N10
08
b

b
0 N12
0 N10
03
0  N11
03
01
00
0  N10
03
05
b

b
0 N11
03
05
01
0 8
05
0 N12
08
0 N10
07
b

b
0  N12
0 N10
07
08
07
08
07
05
0 N12
08
b

b
06
05
03
0 6
0  9
0  7
00
0 N10
07
08
b

b
06
0 N10
0  N12
05
0 8
0 6
0  9
0  7
0  5
0 0
b

b
0  2
0  0
0   3
0   2
0   0
0    3
0    5
0   2
0    8
0    N10
b

b
0    8
0    7
0   0
0     8
0  5
0 3
00
01
03
0  9
b

b
0 6
0  7
00
01
03
00
01
03
0 N10
0  N12
b

b
05
0 N12
08
05
07
08
0N10
0 N12
03
02
b

b
0 83
0N10
08
0N10
08
07
05
0 N12
0 N10
03
b

b
05
07
08
0N10
07
08
07
05
0 N12
08
b

b
05
07
08
0N10
0N12
00
0N12
0N10
08
0 N12
b

b
0 N10
03
0  N10
0 5
0   N12
0 1
0 0
0    N12
0  0
0    8
b

b
0  0
0  2
0   5
0   3
0    7
0    5
0    3
0    2
0    0
0     3
b

b
0    0
0     7
0    3
0    5
0    2
0     8
0   0
0   2
0   3
0    N10
b

b
0    8
0  0
0    8
0   2
0     N10
0    3
05
0  N12
05
0 N12
b

b
08
07
05
03
06
05
06
05
03
05
b

b
0  N12
0 6
0 5
0   7
0  4
0 1
0   N12
0 5
0 3
00
b

b
0  N10
03
08
08
08
0 N10
0 3
00
0  N10
03
b

b
05
03
05
0 N11
05
0N10
0N10
0N10
07
0  9
b

b
0 7
03
02
0 8
02
00
02
03
03
05
b

b
07
05
0 N12
05
0 8
05
0 N12
0N10
07
08
b

b
0N10
07
0  N12
05
07
08
07
05
0 8
01
b

b
00
0 3
0 1
0 0
06
05
03
01
00
0   N12
b

b
0  5
08
06
05
03
01
0  9
0 3
0N10
08
b

b
07
08
0N10
07
08
03
0 N10
07
08
07
b

b
08
07
08
07
05
0 N12
08
0    3
0355 3
0 1
b

b
0 3
001  3
001
0 620
010
001  3
01
0 55 3
001
0 653
b

b
0  0
0012
0 7
0334  3
0   5
0 1
0334  3
0   5
0   7
0 34  3
b

b
0   5
0  5 0
0    9
0 34  3
0  0
0 1
0 34  3
001  3
01  3
0 1
b

b
0 355
0  79 3
001  3
0   5
01
001  3
0   N10
0 3
e
