$line=o
{rogero}
b
0 5
0 6
03
06
05
03
0 6
06
05
06
b

b
05
03
0 6
03
05
06
05
03
0 6
0 5
b

b
0 3
0  5
03
08
06
05
03
0 6
03
0 6
b

b
0 5
0 6
0 5
0 3
0  5
0 3
0 5
0 6
03
0 6
b

b
0 5
0 3
0  5
0  4
0  2
0  4
0     3
0  4
0  5
0 2
b

b
0 5
0 3
0  4
0  5
0 3
0 5
0 3
0 6
0 5
0 3
b

b
0  5
0  4
0  5
0 3
0  4
0  5
0 3
0 5
0 6
03
b

b
0  5
0 3
0 5
0 6
03
0 5
0 6
03
05
06
b

b
05
03
0 6
0 5
0 3
06
05
03
0 6
0 5
b

b
0 3
0 5
0  5
0 3
0 5
0 3
0 5
0 6
0 5
0    3
b

b
03
0 6
0 5
0  5
0 3
0 5
0 6
03
0 6
0 3
b

b
0 5
0 6
03
05
07
08
06
05
03
0 6
b

b
0 5
0 3
0  5
0 3
0 5
0 6
03
05
06
03
b

b
05
0 3
0 5
0 6
03
05
07
08
05
0N10
b

b
08
07
05
03
0 6
0 5
0 3
0  5
0  4
0   5
b

b
0 5
0 7
03
05
07
03
05
07
08
07
b

b
05
03
05
07
08
05
07
08
0N10
08
b

b
07
0 N10
0 8
0 7
03
0 6
0 5
0 6
03
05
b

b
06
03
05
0 6
03
05
07
08
05
07
b

b
03
05
07
08
07
08
07
05
07
08
b

b
06
05
03
0 6
0 5
0 3
0 5
05
07
08
b

b
06
05
03
05
03
0 6
0 5
0 3
0  5
0  4
b

b
0  2
0   5
0   3
0    7
0    5
0    3
0    5
0    7
0   3
0   5
b

b
0   3
0    7
0    5
0    3
0  5
0 3
0 5
0 6
03
0 5
b

b
0 6
0 3
0 5
0 6
03
0 5
0 6
03
05
03
b

b
05
07
08
05
07
08
0N10
07
0 8
0 7
b

b
038
0N10
08
0N10
08
07
0 N10
07
0 N10
0 8
b

b
0 N10
07
08
0N10
07
08
07
0 N10
07
08
b

b
0 N10
07
08
0N10
0N12
0N13
0N12
0N10
0 N13
0 N12
b

b
0 N10
03
0 6
0 5
0 3
0  5
0  4
0  2
0   5
0   3
b

b
0   5
0   7
0   5
0   3
0    7
0    5
0    3
0     7
0     5
0     3
b

b
0     5
0     7
0    3
0    5
0     7
0    3
0    5
0    7
0   3
0   5
b

b
0   3
0   5
0   3
0    7
0    5
0    3
05
03
05
07
b

b
08
07
05
03
06
05
06
05
03
05
b

b
03
0 6
0 5
0  2
0  4
0  5
0 3
0 5
0 3
0 5
b

b
0 6
03
08
08
08
05
0 3
0 5
0 6
03
b

b
05
03
05
06
05
0N10
0N10
0N10
07
0 5
b

b
0 7
0 8
0 7
0 8
0 7
0 5
0 7
0 8
03
05
b

b
07
05
07
05
03
05
07
0N10
07
08
b

b
0N10
07
03
05
07
08
07
05
03
0 6
b

b
0 5
0 3
0  5
0  4
06
05
03
0 6
0 5
0 3
b

b
0  5
08
06
05
03
0 6
0 5
0 3
0N10
08
b

b
07
08
0N10
07
08
03
05
07
08
07
b

b
08
07
08
07
05
07
08
0    3
0355 3
0  5
b

b
0 3
0 55 3
0 55
0 62 5
0 64
0 46 3
0 6
0 55 3
0 55
0 653
b

b
0   5
0 557
0 7
0334  3
0   5
0  5
0334  3
0   5
0  2
0 34  3
b

b
0   5
0  5  5
0   4
0 34  3
0   5
0  5
0 34  3
0 55 3
0 6 3
0  5
b

b
0 355
0 34  3
0 55 3
0   5
0 6
0 55 3
0  5
0 3
e
