$line=o
{01a_fantasy}
b
0 N15
07
0N10
08
07
0 N10
0 8
0 N12
0 N10
03
b

b
0 3
0 N10
0 7
0  N129
0  7
02
0 55
02
030
02
b

b
0 8
0 N102
0 N12
08
0 N12
0 N10
0 N1275
08
0N10
0 84
b

b
0852
02
0 N12N125
05320
0  0
0   4
0  N14
0  N1252
0  7
0  20
b

b
0 6
0  9 3
0     N15
0 30 2
0 1220
0  7
0  9 3
02
0  N12953
0   N10
b

b
0  752
0   N14
021  0
0  9
02
0 879 3
0   75
0   5
02 2
03 0  3
b

b
0  7
0    N14
0 30
0  52
0 00
0  2
0   4
0 0
0 1 2
0   N12
b

b
0 5  3
0  N11
0330 2
05
07    3
0 8N12
0 N139 0
02
0787 2
0     8
b

b
02
0 N109
077992
0  9
0 4
0 N12
0 542
03
0    5
05 2 3
b

b
0   5
0730 2
0810 0
0     N15
0   4
08
0 N1275 3
03
0575 0
00
b

b
0  792
03
0 8
0     8
0  775
03
0  N11
00
0 7
0  N12
b

b
0    N12
0 7
0300  3
0 3
0  9
0  N11
0  N125
02 2
0 0
0   N14N15
b

b
0 3
0  5
0 0
0  N12
0  N147
07
0 N13
0  75
0 N13
0 N12N12
b

b
0  N140
0 8
0 77
0     N10
031 2
0     N14
0 00
0  77
0  0
0   4
b

b
05
0730
08
0 N1524
0  7
0 5 2
02
0 N14N12
0 N15N127 1
0 8
b

b
0 7
08
078   3
0 N10
0 8
0 N10N11
0 N12
0 N139 3
0 3
0   N14
b

b
07
05770
0 8
0  N14
07   3
08
0N10   2
0 8
08   0
02
b

b
0 N12   3
0 5
05   0
0  7
03    3
07
0 N106
0 8
073 4 1
0  N14
b

b
0 1
0   9 1
03
0  N127
0    N10
0  775
03
02
0   N14
02
b

b
0  N12
0 5
0  N11
0  N125 3
0 3
0   4
0   7
0    N15
0  0
0 3
b

b
0 0
0   0
0  2
0   4
0   0
0    N10N12
0    5
0   2
0  24
0 00
b

b
0    N12
0   9
0  5
0 324
0    5
0   N12
0012
0   N12
0 5
0212
b

b
0 845
0    N12
0 0
0    N15
0 77
0  7
02
03
0 N109N10
0    N12
b

b
0    N15
0 3
0 89
08
0   N12
0 N13
0 N12
001
0 N12
05
b

b
0  79
05
03
0  57
0  N12
0 7
0 5
0 7
0 8
0 5
b

b
02
03 0
0   7
0 0   3
0  5 0
0  7 2
00   3
0 720
03  2
053 4
b

b
0 7 0
03  2
0  9 4
02 20
05
0     9
0 5
0  N14
0   0
0 7
b

b
05
0    0
0  N12
02
0 5
0 7 0
0 5
0   N12
0  6
0 3  2
b

b
0  9
02
0  7
00   3
0  7
0 5
02
03  2
05
07
b

b
03
0 N10 0
03
02
0 5
0 8
0 7
0  N12
0  N11
03
b

b
0  N11
0  9
02
0334  3
0   5
0 34
0  0
0   N12N12N14
0    5
0 32
b

b
0    7
0   4
0 1 2
0 84
0  2
0 84
0   N12
032
0  N11N125
0 3
b

b
0     7
0 5
0 7
0     8
0N12 2
0N12
0N12
0N10   2
07
0     3
b

b
08
0 N15
0852 0
0 N10
085
0    N12
0750
0     N12
000
0 N13
b

b
0   78
07
05
0     N13
040 2
05 2
0  42
05
0 9
0  6775
b

b
0  N14
0  N14
05
02 2
0  20
03
0 N1020
0    9N10
0 34 2
0  N12
b

b
0    3
0  20
0 8
0  N11
0     3
0   9N10
0    N12
0  54
0   9 3
0   5
b

b
0  20
0     N14
0     3
0 N1275
05
0 N13 4
0 N1275
0 8
0  N140
0 7
b

b
0     3
0 30
0    N12N14
0    N15
0  45
0     N15
0   75
0     N14
0     3
0N10   2
b

b
0 8  3
087  0
078   3
0  N12
0 N10 0
02
03    3
0 30
0  24
0   N10
b

b
0    N143
0    N10
0    N12N10
0    9
0     3
08
0 N15
08
0 N127  3
0  N14
b

b
0 8
05  0
0 7
03    3
0   N14
0   N12
0   N10
0    N143
0    N12
0     N15
b

b
0  20
0    9
0     3
03   2
05   0
07
08
05
07    3
03
b

b
05  0
0 7
0  N12  3
0    N10
0  24
0  4
0  5
0   7
0 0   3
0    N10
b

b
0  20
0    9
0     3
03   2
0 N10  0
07
08
0N10
0 N12   3
0 8
b

b
0  N140
0  N11
0 8   3
0    N10
0  24
0 0
0 1
0 3
0 0   3
0   5
b

b
0   75
0   4
0     3
03   2
0  N14 0
07
0 N13
0  N14
0 N12   3
0 8
b

b
0  N140
0  N11
03    3
0    N10
0    N12N14
0 0
0  5
0   7
0    N143
0  0
b

b
0  20
0   4
0     3
0334
0    N10
0  2
0  4
0 1
0   N12
00
b

b
0 3   3
0   5
0   5
0  2
0   9
0 1
0  7
00
0 7 0
0   N12
b

b
0  7
0 5
02
03
0  N14
07
0 N10 0
0   N12
0 3
00
b

b
0  N11
0  N12
0 N10
0 N12
0 N13  3
0 1
0  5
0 3
0   N14
0  9
b

b
0 5
0 7
03   3
0 1
0    N15
0 3
0  9
02
03
0 N10
b

b
07    3
0  N14
0 8
02
03
0  N14
07
05
0 N12   3
0  N12
b

b
05
07
05
0  N11
0 8
0  N14
0  N122
0 7
0  N12
0  N14
b

b
07
05
07
03
05   3
03
05
07
05
0 8
b

b
0 7
0 5
0 7 0
00
02
0  N12
0  N11
0  9
0  7
0   N11
b

b
0  7 2
0 2
0  7
00
02
0 5
0 7
0  7
0 5  3
0  7
b

b
0 5
02
03
02
0  N12
0  9
02  0
0   N14
02
0 8
b

b
0  N14
03
05
02
0 8   3
02
03
05
07
05
b

b
03
0  N11
0  N125
05
0 N12
03
05  0
0 7
0  N12
05
b

b
0  N122
05
07
0 8
08   3
07
05
03
0 7 0
00
b

b
0 3
0  6
0  7 2
00
0 7
0  7
00   3
0   N12
0   N14
02
b

b
0 8 2
0  N14
07
0 8
0 N10 0
0  N12
02
00
0  N12
02
b

b
03
02
03
0 7
00
02
0     3
0 00
0  24
0 00
b

b
0    N10
0   75
0   4
0     3
0 N1275
0 N10 4
0 N1275
03
0  N140
0 7
b

b
0     3
0  57
0 01
0   N10N12
0   7
0  42
0    N11
0     5
0852
07 1
b

b
0852
05
0 N12 2
0  N13
0     3
0 N1275
0 N12
053 4
0 N12
0 80
b

b
02 20
0  7
0  N14
0     1
03
0  N11
0  9
0  7
0 2
0  7
b

b
00
0  N110
0 5
02
0   N12
00   4
02 20
0 5
0    4
0 7 0
b

b
0   N12
0    2
0   N122
0  N11
0   0
0   N143
0  N12
0 7 0
0 875
07
b

b
05  4
0 N120
0 8
0   2
03  2
07
0   5
0 N10 3
08
0 N120
b

b
08   3
03
0     N12
0 8 2
08
03
0 8 2
05
0    8
03  2
b

b
0 5
0     8
0 720
0  N14
0    0
0 720
0  7
00   0
02 20
0 N10
b

b
0 1  0
0   N12N147
03    3
02 20
0 N12   3
0     N15
0  0
0   5
0    N10
0  0
b

b
07
0     3
0     3
0     3
0     3
0     3
05  0
0    5
0    4
0   0
b

b
0   0
0    0
0 N10 0
0    5
0     5
0     N10
0   0
0     8
0N10   2
0     3
b

b
0   0
0     7
0     3
0    5
0 N15  2
0     3
0     N10
0     7
0     3
0     3
b

b
0 N13  3
0    3
0    3
0    3
0     8
0   0
0 N13 2
0   2
0   0
0   2
b

b
0   2
0     N14
07 0
0  0
0   5
0     3
0     3
0     3
07    3
0     3
b

b
0    0
0     7
0    2
0    3
05  0
0   0
0     9
0     N10
0   0
0    0
b

b
0  N14 3
0     8
0     5
0   0
0    5
0     8
03   2
0     3
0    2
0     8
b

b
0     3
0     8
0 8  2
0    2
0     3
0  0
0     N15
0     N13
03  2
03  2
b

b
01  0
00   3
00   3
0   N122
0  N12N107
0 852
0   95
0 5  3
0  9 3
0  7 2
b

b
035  3
0 3  2
0 5  3
0  7 2
00   3
0 3  2
0   N143
0 3  2
00   3
0  7 2
b

b
0     8
0  9
0  5
0     3
0  N12N12N15N15
0 0
0  2
0334553
e
