$line=o
{180a_Contrapunto_secondo_tenor}
b
03345
0334
0   5
0334  3
0   5
03 4 53
0   5
035 53
0  5
0355
b

b
0    3
0355
0    3
0  557
03
0 32 5
0   4
0 32
0    5
0 32
b

b
0    5
0 32 5
0   4
0 2 5 3
0     5
0 3   7
0   53
0  2 5
0 3   7
0  2 3
b

b
0    5
0 2 5 3
0  2
0 345
0     3
0 345
0     3
0  557
0  4
0 32 5
b

b
0   4
0 32
0    5
0 32
0    5
0  457
0   5
0  54 5
0   5
0     5
b

b
0   4
0 3 5 3
0  4
0  5 3
0  4
0  2 5
0   4
0  2
0    5
03  57
b

b
0  4
0  5
0   57
0 3  5
0   53
0   5 7
0  5  5
0325  3
0 6
0 5 53
b

b
0 3
0  553
0  4
0  2 5
0 3 4
0  2 5
0  5
0  4 5
0  2
0   57
b

b
0  4
0   5
03   7
0  2 5
0 3   7
0 5  3
0  2 5
0 345 3
0  5
0 345
b

b
0     3
0 345
0     3
0  245
0  5
0 345 3
0 3
0  4
0 3
0  4 5
b

b
0     3
0 3245
0  5
0 345
0     3
0 34
0   5
0 34
0   5
0   57
b

b
03 6
0 32 5
0   4
0 32
0    5
0 32
0    5
0 557
05
0 557 5
b

b
05
0 557
0     5
0 557
0     5
0  557
03
0  553
0 5
0  5
b

b
0 5  3
0 3   3
0  4
0  45
0     3
0  2 5
0   5
0  2 5
0 3 4
0   57
b

b
0 5  3
0   57
03  5
0  2 5
0 3 5 7
0 5  3
0  245
0 3 5 3
03 5 7
05  3
b

b
0 345
0 55 3
0  2
0 3 5
0 5
0  5
0 34
0  57
0  24
0 345
b

b
0     3
0 34
0   5
0 34
0   5
0 32 5
0   4
0 3 5 3
0  4
0 345
b

b
0     3
0 345
0     3
0 5 53
0  5
0  57 5
0 5
0  57
0     5
0 557
b

b
05    5
0 5 53
0  5
0 345
0     3
0 3 5
0  4  3
0 3 5
0     3
0 62 5
b

b
0   3
0 5 53
03
0 55
0    3
0 55
0    3
0 55 3
03
0 3 5 3
b

b
0  4
0     5
0 3   7
0 5  3
0  2 5
0 3 5 7
0 5 53
0  245
0 3 5 3
0 345
b

b
0     3
0   5
0  5
0 34
0  2
0 3 5
0  5
0 34
0  23
0   57
b

b
0  2 5
0  553
0  245
0   57
0  4
0  6
03   7
0 7  5
0 3
0  2 5
b

b
0   4
0  45
0 3   3
0 3 5
0  24
0  45
0  6 7
0 3  5
0  2
0 5   5
b

b
0    3
0 34  3
0 3 5
0  2 5
03    7
0  2 3
0 7  5
033 5 3
0  4
033 5
b

b
0     3
03345
0     3
0 55 3
0  45
0    3
0 32 5
0  4
0    7
0 324
b

b
0  45
0 32 5
0   5 7
0 5  3
0  245
0 345 3
e
