$line=o
{fantsiax}
b
0  N12
01
0  9
0  5
0  0
0    3
0     8
0  N12
01
0  9
b

b
0   N10
0     N15
0    3
0     8
0 1
0   N12
0   N14
0  N11
0  N12
0 5
b

b
02
03
0  9
02
03
02
03
00
02
0 8
b

b
0   N14
0  N11
0 8
0 5
02
0  7
0   7
0   0
0    5
0  N14
b

b
0  N12
02
0  7
0   7
0    5
0     N10
0  7
00
02
03
b

b
0  N14
0  N11
0 8
0 N10
0  N11
03
0  N14
03
0  N14
0  N11
b

b
0 8
05
02
0 8
0  N14
02
0 8
0   N12
0   8
0  0
b

b
0  0
0   N13
0  N10
0 8
0 N10
06
0 8
0  N14
06
0  N12
b

b
05
06
05
06
0 N10
0 8
0  N14
0 N11
0 N10
06
b

b
03
05
01
0  5
0     N13
0   3
08
0 N13
06
05
b

b
0  N10
0    N15
0    8
0   3
0  N10
03
0 N10
0  N15
0 N13
06
b

b
08
06
05
06
08
06
08
05
06
0 3
b

b
0   8
0  0
0   5
0 N11
0 N11
08
0N10
0 6
0 3
0   8
b

b
0     6
0 N11
0 N13
0 N15
0 6
0 3
0  3
0    1
0  N15
08
b

b
0 N15
0 N13
0N10
0 N11
08
0 6
0  5
0  2
0   3
0 N13
b

b
08
0  N15
05
0 6
0    N15
0   3
0   3
08
0 N13
0  N15
b

b
05
0   N15
0 1
0    8
08  3
0 N13
0  N15
0 N10
0  N10
0 8
b

b
05
06
08
0 N10
06
0 3
0    N13
0   5
0  0
06
b

b
0 N11
0 N10
0 8
0   N12
0  3
0     N15
0    N10
06
06
05
b

b
0  N12
0  N10
0 4
0 3
0  5
0  3
0  2
0  0
0  2
0    N13
b

b
0  5
0  7
0  9
0 7
0  N12
0 7
0   N12
0  2
0     N10
0     N10
b

b
0 N10
0  N14
0 8
0 7
0   N12
0    N12
0   0
0    5
0 N10
0 N10
b

b
03
0 7
0 3
0    N12
0     N10
0     N10
0  N14
0 N110
0  N14
0 8
b

b
01
00
0   N12
0 5
0   N15
00
0 1
0     N15
0    3
0    3
b

b
0  N12
0 8
0  N10
0  9
0 1
0  0
0    3
0    3
0   N12
00
b

b
01
0 8
0     8
0   N15
00
0  7
0   N14
0 8
0 7775
00
b

b
0 7
03
05
0   0
0 8
0 7
0   N14
0  N11
05
03335
b

b
0   N15
0 8
05
0 N11
0   5
05
0 8
01
03
06
b

b
05653
03
05
0  N15
0 N13
0     N13
0 N11
05
0  N12
0 N10
b

b
08
0 N117 1
0   8
0 1
0   N12
0     6
0 1
0  7
0 1
063  1
b

b
0  3
0   N10
0  7
0     6
0 1
0 3
0  3
0  N14N108
0    N12
0  3
b

b
0   N10
0     N13
0   8
0 1
0   8
051 3
0  2
0   8
0  5
0   3
b

b
0  3
0  5
0    N12
0 831
0  0
0   7
0   8
0    6
0   7
0    N13
b

b
0  2
0 831
0    N10
0  2
0   8
0    6
0  2
03 3
0  0
0  N11N12N12N10
b

b
0     N12
0    8
0  0
0  2
0   8
031  3
0 5
0 7
0 8
0    5
b

b
02
0 8
02
0  N122
0   N14
0  N11
0 8
0   3
0  N11
03
b

b
02
03 0
0   N14
0 7
0  N12
0     8
0 7
0 8 0
0  N11
03  2
b

b
00
0 7
03  3
0 5
02
03 0
0 7
0  N12 3
0   N14
0  N11
b

b
0 8
0    7
0 7
0  N12
00
057 0
0  7
03
05
0    7
b

b
0 8
05
03
0  N143
0 7
03
05
0   5
03
05
b

b
0  N12
05 2
02
0 8
0  N14
0    5
0  N12
0 N10 2
03
05  3
b

b
0  N11
03
05
0     N15
0 8
0 N102
0  N11
0630
0    N13
0 N10
b

b
06
0   8
05
06
0 N10
0630
0  3
05
0 N11
0  0
b

b
0 N10
063
0 8
086 3
0   7
0 N11
08
0    8
06
0 N10
b

b
03
05653
0 8
0 6
0 5
0   N12
0  5
0  3
0    N12
0   8
b

b
0 1 3
0    N12
0 878N10
0  2
0  3
0    N12
0   8
0   N10
0   N12
00
b

b
02
0  N12
02320
0  N128N10N11
0 1
0 320
0 7
00
0  N12
0 7
b

b
03
0 7
0 5
02
0330  3
e
