$line=o
{PB97}
b
0   N158
00   3
0 6
00
0  7
00
01  3
0  7
00
01
b

b
0 831
05
0  N15
05
03   3
0 6
00
0   N12
0  9 3
0 6 0
b

b
0    3
0 5
01
0 5
0  7
00
01
0   3
0   3
05
b

b
0  N12N143
0 6
0 8
00
01 20
0  9
0 6
0  N12
0  N10
0   N14
b

b
0  7
001
0    3
0    3
0  N143
0  N125
0     N13
0 88
0 620
0  0
b

b
0    N12
0   9
0  9N10
0    3
001  3
0  7
00
0   N15
0 8
0  3
b

b
0     N11
0 8
051 3
0 N117 1
0 N11
0 N10
0  N12
01
001  3
0  N1078
b

b
0  0 3
00
01
0  9
0 3
00
0 6
0   3
0 6 3
0 5
b

b
0 3
0  9
01
03
0    6
0  31
03
0 N1053
0 N11  1
05
b

b
063  1
05
03
0  N10
001  3
01  35
0  0 3
0   N14
01
0  9
b

b
0 3
00
0  N10
0    8
0   3
e
