$line=o
{01a_fantasy}
b
0N10
07
0N10
08
07
05
03
07
05
03
b

b
0  7
05
0 7
03 4
0  7
0 7
0 46
0 7
03 4
0 7
b

b
03
05 3
07
08
07
05
072 5
08
0N10
0 8 9
b

b
085 7
0 7
078 5
0523 5
0   5
0   4
05
03  5 7
0 3
0  2 5
b

b
0 6
0 5  3
0   5
0 3 5 7
0  6775
0 3
0 5  3
0 7
03 4 53
0  5
b

b
0 3 5 7
0 5
0 75  5
0 5
0 7
0334  3
0  2 5
0   5
0 72
03  5 3
b

b
0 3
0  4
0 3 5
0  5 7
0  45
0  2
0   4
0  4
0  5 7
0 3
b

b
0 5  3
0 7
033 5 7
05
07    3
038
085   5
0 7
0787  7
0    3
b

b
0 7
055
076N109 7
0  N1/
0  8
07
0 54 7
03
0    5
05 2 3
b

b
0   5
073 5 7
08 65 5
0   5
0   4
08
072 5 3
0 8
0575  5
0 5
b

b
0 34  7
03
03
0    3
0  775
0 8
0 7
0 5
0 7
0 8
b

b
0   7
0 7
03 45 3
0 3
0 5
0 7
03  5
0 72
0  4
0 55
b

b
0 3
0  5
0  4
03
05 2
07
08
0  75
08
078
b

b
05   5
0 8
0 77
0    5
03 5 7
0   4
0  45
0 32
0   5
0   4
b

b
05
073 5
08
0N10 2 9
0 3
0  N1/ 7
0 7
098
0N1073   3
0 8
b

b
0 7
08
078   3
05
03
057
07
085  3
0 3
0 5
b

b
07
0577 5
0 8
05
07   3
08
0N10    7
0 8
08    5
0 7
b

b
07    3
0 5
05     7
0 3
03     5
07
05 6
03
073 4  3
05
b

b
0  5
0  4   3
03
03 2
0   5
0  775
0 8
0 7
0 5
0 7
b

b
0 8
0 5
0 7
03  5 3
0 3
0   4
0  2
0  5
0   5
0 3
b

b
0  4
0    5
0  2
0   4
0    5
0   57
0    5
0    7
0  24
0  45
b

b
0  2
0  4
0  5
0 324
0    5
0 3
0 557
0 3
0 5
0 757
b

b
03 45
0  2
0  4
0  5
0 77
0 3
0 7
03
0555
0  2
b

b
0  5
0 3
035
08
0 3
08
07
0 55
07
05
b

b
0 34
05
03
0  57
03
0 7
0 5
0 7
03
0 5
b

b
0 7
03  5
0  2
0  4  3
0  5  5
0 3   7
0 5  3
0 72 5
03   7
053 4
b

b
0 7  5
03   7
0 5  4
0 72 5
05
0    4
0 5
05
0    5
0 7
b

b
05
0     5
03
0 7
0 5
0 7  5
0 5
0 3
0  6
0 3   7
b

b
0 5
0 7
0 3
0 5  3
0 3
0 5
0 7
03   7
05
07
b

b
03
05   5
0 8
0 7
0 5
0 8
0 7
0 8
0 7
0 8
b

b
0 7
0 5
0 7
0334  3
0   5
0 34
0   5
0 324
0    5
0 32
b

b
0    7
0   4
0  5 7
03 4
0  2
03 4
0 3
03 6
0 77 5
0 3
b

b
0     7
0 5
0 7
0    3
0N12 2
0N12
0N12
0N10    7
07
0     3
b

b
08
0N10
085 7 5
05
085
0   7
075 5
0    7
0 54
08
b

b
0  23
07
05
0   3
0 9 97
0 N10 7
0   97
0 N10
0 9
0  6775
b

b
05
05
05
0 72
0  2 5
03
05 2 5
0   45
0 34  7
03
b

b
0    3
0   75
0 8
0 7
0     3
0  45
0  2
0  54
0  4  3
0   5
b

b
0  2 5
0   4
0     3
073 5
05
08  4
073 5
03
05   5
0 7
b

b
0     3
0 3 5
0  24
0  5
0  45
0   5
0  2 5
0   4
0     3
0N10    7
b

b
03    8
087   5
078   3
03
05   5
0 7
03    3
0 3 5
0  24
0  5
b

b
0  4  3
0   5
0  2 5
0   4
0     3
08
0N10
08
073   3
05
b

b
03
05   5
0 7
03    3
0 5
0 3
0  5
0  4  3
0  2
0   5
b

b
0  2 5
0   4
0     3
03    7
05    5
07
08
05
07    3
03
b

b
05   5
0 7
03    3
0   5
0  24
0  4
0  5
0  2
0  4  3
0   5
b

b
0  2 5
0   4
0     3
03    7
05    5
07
08
0N10
07    3
03
b

b
05   5
0 7
03    3
0   5
0  24
0  4
0  5
0 3
0  4  3
0   5
b

b
0  2 5
0   4
0     3
03    7
05    5
07
08
05
07    3
03
b

b
05   5
0 7
03    3
0   5
0  24
0  4
0  5
0  2
0  4  3
0   5
b

b
0  2 5
0   4
0     3
0334
0   5
0  2
0  4
0  5
0 3
0 5
b

b
0 3   3
0   5
0   5
0  2
0  4
0  5
0 3
0 5
0 7  5
0 3
b

b
0 3
0 5
0 7
03
05
07
05   5
0 3
0 3
0 5
b

b
0 7
03
05
07
08   3
0  5
0  5
0 3
0 5
0 5
b

b
0 5
0 7
03   3
0  5
0  5
0 3
0 5
0 7
03
05
b

b
07    3
05
03
0 7
03
05
07
05
07    3
03
b

b
05
07
05
0 7
03
05
03   7
0 7
03
05
b

b
07
05
07
03
05   3
03
05
07
05
03
b

b
0 7
0 5
0 7  5
0 5
0 7
03
0 7
0 5
0 3
0  6
b

b
0 3   7
0  6
0 3
0 5
0 7
0 5
0 7
0 3
0 5  3
0 3
b

b
0 5
0 7
03
0 7
03
0 5
0 7  5
0 5
0 7
03
b

b
05
03
05
0 7
03    3
0 7
03
05
07
05
b

b
03
0 7
03  5
05
07
03
05   5
0 7
03
05
b

b
03   7
05
07
03
08   3
07
05
03
0 7  5
0 5
b

b
0 3
0  6
0 3   7
0 5
0 7
0 3
0 5  3
0 3
0 5
0 7
b

b
03   7
05
07
03
05   5
0 8
0 7
0 5
0 8
0 7
b

b
0 8
0 7
0 8
0 7
0 5
0 7
0     3
0  45
0  24
0  45
b

b
0   5
0  2 5
0   4
0     3
073 5
05  4
073 5
03
05   5
0 7
b

b
0     3
0  57
0  46
0  57
0  2
0  4 7
0   6
0     5
085 7
07  6
b

b
085 7
05
07   7
0 9
0     3
072 5
07
052 4
07
03  5
b

b
0 72 5
0 3
05
0      3
03
0 7
0 5
0 3
0  6
0 3
b

b
0 5
0 7  5
0 5
0 7
0 3
0 5  4
0 72 5
0 5
0    4
0 7  5
b

b
0 3
0     7
0 3   7
0 7
0    5
0 5  3
03
0 7  5
033 5
07
b

b
05  4
07  5
03
0    7
03   7
07
0   5
05  3
08
07  5
b

b
08   3
03
0    7
03   7
08
03
03   7
05
0   3
03   7
b

b
0 5
0    3
0 72 5
05
0     5
0 72 5
0 3
0 5   5
0 72 5
05
b

b
0  5  5
0 34  7
03    3
0 72 5
07    3
0   5
0   5
0   5
0   5
0   5
b

b
07
0     3
0     3
0     3
0     3
0     3
05   5
0    5
0    4
0    5
b

b
0    5
0     5
05   5
0    5
0     5
0    5
0    5
0    3
0N10    7
0     3
b

b
0     N10
0     7
0     3
0     N10
0N10    7
0     3
0     N10
0     7
0     3
0     3
b

b
08   3
0    3
0    3
0    3
0    3
0    5
08   7
0    7
0    5
0    7
b

b
0    7
0   4
07  5
0   5
0   5
0     3
0     3
0     3
07    3
0     3
b

b
0     5
0     7
0     7
0    3
05   5
0    5
0    4
0    5
0    5
0     5
b

b
05   3
0    3
0     5
0    5
0    5
0    3
03    7
0     3
0     7
0     8
b

b
0     3
0     8
03    7
0     7
0     3
0   5
0   5
0   3
03   7
03   7
b

b
0 6  5
0 5  3
0 5  3
0 3   7
03 5 7
03 5 7
0  4 5
0 5  3
0 5  3
0 3   7
b

b
035  3
0 3   7
0 5  3
0 3   7
0 5  3
0 3   7
0 5  3
0 3   7
0 5  3
0 3   7
b

b
0    3
0 5
0  5
0     3
03355
0  4
0  2
0334553
e
