$line=o
{05_a_fancy}
b
0N1023   3
08
063    3
05
0  5
0 33   3
03
03
0  2
0   5
b

b
0  2 5
0 7
0 5
0 7
0  5
03 35
0  5
0 3
0   3
03 5 6
b

b
0 3
0 4  3
0  3
0 72 5
03  5
053 4
0    3
06    6
08 5  5
0N10  8 3
b

b
0  2
0    N10
0   8
0  2   7
08
063   3
03
063 5
0      3
05 5
b

b
063
05 5
03 3
05324553
0 3
0 5
0 6
03
05   5
0    7
b

b
0   3
03  5
0 6
0 52
0 3 3
0   5
0  67
0 33   3
0      5
0  2   6
b

b
0  4  3
0  6  5
0 3    6
0 5   3
0  6  5
0 33  6
0 55
0 67
035
05 5  5
b

b
0  5
06
085
0 6
05
068   3
0 6
05
063
0 5
b

b
03
056    6
0  5
03
0 67
0  5
03
05 2   6
0 6
0354  3
b

b
0 67
0 56  5
0  7
0 577
0  6
0 3    3
0  2
0  3
0  5
0 3
b

b
05
06
08
0N10
0  2
0  3
0  5
0 3
0N10
08
b

b
06
05     3
0 3
0  5
0  3
0  2
03
05
06
08   3
b

b
0   5
0  2
0  3
0  5
08
06
05
03
0  5
0  3
b

b
0  2
0   5
0 7
03
05
06     3
0   4
0   5
0  2
0  3
b

b
06
05
03
0 7
0  3
0  2
0   5
0   4
06
0   5
b

b
05  4
03
0   5
0 7  5
03
0    7
05  3
0 6
0    5
05  3
b

b
06
0     6
08  3
0N10
0     6
08  3
06
0    5
05  3
06
b

b
0    5
08  3
0N10
0     6
08  3
06
0    5
06   6
05
0   3
b

b
06 3  6
06
0 6  5
0 6
03   6
03
0 6  5
0 6
0 3   6
0 3
b

b
0 6  5
0 6
03   6
03
0 6  5
0 6
0 5  3
0 5
03   7
03
b

b
08   3
08
03   7
03
05  3
05
03   7
03
0 7  5
0 7
b

b
06  5
06
05  4
05
03  5
03
0 7  5
0 3
03    7
0 3
b

b
0 5  3
0  5
0 7  5
0  2
0     3
0 3
03
0     3
0    3
0 5
b

b
03
0     7
0    3
0 5
03
0     3
0     6
0 3
0 6
0     5
b

b
0     6
0 3
03
0     3
0    3
0 5
05
0     5
0    5
0 6
b

b
05
0    4
0    5
0 7
05
0     5
0    5
03
0 7
0    3
b

b
0     7
03   3
0     5
0 7
03345 3
0 3   6
0   3
0  5  5
0   3
0  3  6
b

b
0   3
0  5  5
0   3
0  3  6
0   3
0  5  5
0   3
0    5
0  3
0   3
b

b
0  3
0      6
0  2
0  43 6
0  5
0 3
0 55 3
0 7  5
03 3
0  2
b

b
0 7
0
03 3  3
0 6
0 4
0 3   6
0 4  3
0 3
0  5
0  4  3
b

b
06  5
05
03
0 6  5
03   6
0 6
0 4
0 3   6
0 6  5
0 4
b

b
0 3
0  5  5
0 4  3
0 3
0  5
0  3  3
0 32   3
0  5
0  35
0 234553
b

b
06  5
03
03
06
05   5
0 6
0 6
05
03   6
0 4
b

b
0 4
03
0 6   6
0 3
0 3
0 6
0 4  3
0  5
0  5
0 4
b

b
0 3  5
0  3
0  3
0 3
0  5 6
0  3
0  2
0   5
0  23
0  5
b

b
0  3
0  2
0  3  6
0N10  8
0 N11
08
0N10
08  3
05
06
b

b
08
06  5
03
05
06
05   5
0 6
03
05
03   6
b

b
0 4
0 6
03
0 6   6
0 3
0 4
0 6
0 4  3
0  5
0 3
b

b
0 4
0 6  5
05
03
0 6
03   6
0  3
0  2
0   5
0    5
b

b
06
05
03
05
0  5
0  4
0  2
0  45 3
0 4 5
0     3
b

b
0 3 3
0     3
0  5 6
0     3
0  4 5
0     3
063
0     3
05 5
0     3
b

b
03 3
0     3
0 72
0      3
0N10N11
0      3
08N10
0      3
068
0      3
b

b
057
0      3
063
0      3
05 5
0      3
03 3
0      3
0    5
0 7
b

b
03
0 72
0 5 5
053245
e
