$line=o
{AgnusMAD1}
b
0 2  5
0    7
0   3
0   5
0  5 7
0   3
0  3 5
0    6
0 4
0   3
b

b
0   5
0    3
0 3 3
0 2 5
0   3
0   56
03
0    5
0 6
0 5
b

b
0 6
0 3
0 5
0  5
0 3
0  3
0 5
0 6
03
0 5
b

b
0 6
0 52
0 3
0 5
0  3
0  5
0 3
0 33
0 55
0  5
b

b
0 3
0 5
0 6
0 3 5
0 5
0  5
0 2  5
0  5 7
0  33
0  2
b

b
0   5
0  5 7
0   3
0  2 7
0    5
0   5
0 3 5
0  5 7
0  3
0  5
b

b
0 3
0 4
0 6
0 3
0 4
0  5
0 3  5
0   5
0  5
0  3
b

b
0  2
0  3
0  53
0    5
0   3
0  2
0    7
0 5 53
0 3  5
0     3
b

b
0 3 53
0 3   6
0 3   3
0     6
0  5  5
0   7
0  4  3
0  2
0   5
0   3
b

b
0  2
0 3
0     5
0  5 7
0  235
0  3
0   5
0  27
0  3
0  5 3
b

b
0     5
0  3
05 2 3
0N10    6
0   5 6
0  2  5
08
05
06
05
b

b
08
0  2
06
05 2
0 3
03
05
0  57
0  2
0  35
b

b
0  23
0  35
0   57
05 2 5
03
0 6
0  5
06 3
0 3 5
0  2
b

b
0  3
0  5
053 3
03   7
0  5
0 653
0    5
0 54
0 3
0 55 3
b

b
03
0  3
03  5
03
05
0 6
03
0  3
0  5
05  3
b

b
0   3
03  56
0 63 5
03   6
0 45 3
0 2   6
0 4
0 6
03
05
b

b
0  3
03
03 5
0  2 5
0 7
03  5
0 3
0 4
0  35
0  55
b

b
0N103 8
0N11 2
0    N10
0 8
0N10  8
0 32
08
06  5
05
063
b

b
0  5
05  7
03
0 6 8
06  3
0   5
05
03 3
0  2
0 7
b

b
03  5
0     3
03  53
0     7
03  53
0    3
03  5 3
0￳
e
