$line=o
{AlMud14}
b
05
089 6
089
0   8
0895
0  7
0688
0    6
068  6
046 3
b

b
0    6
0   3
0   5
046 6
0  3
0346
0  3
0   6
0   5
089 6
b

b
0   3
089 6
068  6
0  8
0 6
0 8
0  8
045
03
0 6
b

b
04
03 5
0 5
0 6 3
0   3
0 5
0 6
0 4
0 3
0  5
b

b
0 33  6
0   3
0 5  3
0 6  5
0   53
0 5
0 6 3
0 4
0 3
0  5
b

b
0  3
0   6
0   5
0   3
08 86
0  5
0  7
0  8
0 6
068  6
b

b
0   3
0   5
0   6
0  3
0  5
0466
0   6
0  3
0  5
0  3
b

b
0355
08
06
04
03
0 6
0 4
0 3
0  56
0     4
b

b
0     6
0    3
0    5
03 4 6
05
06
0   3
0   5
0    6
04  3
b

b
06
04
03
0 6
03
04
03 5
0 5
0 5 3
03
b

b
04
03
0 6
0 4
0 33  6
0   6
0 6 54
0   3
08  53
06
b

b
046 3
0 6
03
04
03
04
06
08
09
08  6
b

b
06
0 9
0 8
0 6
0  8
0  7
0  56
0  7
0 7986
0 9
b

b
06
0   3
06335
0 5
04653
0    6
0    4
0    3
066 34
085 53
b

b
0   6
0  3
0  5
0 3
084   4
0 3
0  5
0  3  6
0   63
0    5
b

b
034 56
05
06
0   6
0  3
0  5
0466 4
06    6
0855 3
05563
b

b
0    6
0    5
0    3
0667  6
0   8
0  5
0  7
0  N1/
0  N10
088 N10
b

b
0  N1/
0  N10 8
0 8
0 N10
0 N11
08
0N10
0N12
0N13
0   6
b

b
0  3
0  5
0 3
0 4
0 6
03
05
06  5
0  2
0  3
b

b
0  5
0 3
0 5
046
0  6
0 4
0 6
0 8
0 9
068
b

b
046
035
0  5
0 3
0 5
0 3
0 5
0 6
0 4
0 3
b

b
0  5  4
0     3
0     4
0     6
0  5 3
0    5
0  4 6
0   3
0   5
0   3
b

b
0   5
0   6
0  35
0    6
0   68
0   58￳0
0   3
0   5
0    7
0   38
b

b
0    6
0    5
0    3
0   35
0     6
0    3
0    5
0    7
0    8
0   5
b

b
0    7
0   38
0 6
03
04
06
08  6 4
0  3
0  5
0 3   6
b

b
0 4  3
0 6  5
0343 6
05
06
0   3
0   5
08  6
04563
06
b

b
08
0   5
0   6
0N10  8
0N128 N103
08
0  7
0  8
0  7
0  56
b

b
06
0 9
0 8
0 9 68
0  7
0  886
0 8
0 9
06
0 9
b

b
0 8
0 6
0 9568
0 8
0 678 6
0  553
0 5
0 3
0 6
0 5
b

b
0 3
0 5
0 653
03
05
06  5
08  6
0    8
09  8
0 6
b

b
0   8
08  6
06  5
05653
e
