$line=o
{date_siceram}
b
0 3
0 3
056  5
056  5
0852
0852
073 5
035  7
05 23
0 3
b

b
073 5
0 3
0 557
05 23
05 57
0  4
05 5
0 3
0355
0 677
b

b
0 5 7
0  6
0 6  5
0 67 5
05
05653
05653
078N1/ 7
088N1/ 3
0    3
b

b
0767 5
05
0 54 7
04
05 57 5
05 57 5
05557
05557
0 345
0  5 7
b

b
0  43
0  557
0  457
0N10 7  N10
0   778
0N10  9N10N10
0N10   N10
08  775
0  47
05 5 3
b

b
0 3
035
0 62  5
0 3
0 5
0 3
0 52  5
05 57 5
0523 5
03   7
b

b
0 62 5
0 5 775
0 633 6
0 335 3
0 5 775
0  6
0 67 5
056  5
0    5
0852
b

b
0852
073 5
0   5
0  2
07 45
0  5
053 3
03   7
0  5
0 6  5
b

b
0  4
0 55  5
0 55 3
0     5
0  23
05 5
05 578
0532
03 4 7
0  2
b

b
03  57
0 6235
0 5 578
0  2 35
0 3  57
0   5
0  5775
0  5775
0  57
0     5
b

b
0  57 5
0     5
0 5457
0 5
0   3
0 345
0 6775
0 5457
0 55 3
0 3235
b

b
05
05 5 75
05  7
08 57
0  2
07
05
0355
08
0  4
b

b
0  2
075 5
035  7
05557
0 5
07 4
08 57
07345
07653
053  5
b

b
0 54 7
04
0  5775
05 57
0     5
0  2  5
0 3235
0  2
0 5  7
0 6 35
b

b
0 5 578
0  33 6
0 335 3
0 5 7 5
0  6
0 67 5
0  2 5
0 67 5
0 6 35
0 5 53
b

b
0  57 5
0 3 553
0 55775
0   5
08557 5
08 57
073 5
035  7
05 23
03 4 7
b

b
0 55 3
0355 7
0 55 3
0 34 5
0  457
0  57 5
0  457
07 457
08  7
0 55
b

b
08557
08 57
07345
03 457
053235
035457
0   3
0354 7
0   3
03   7
b

b
0 6  5
0 5  3
0 3   7
0  57 5
0  2
0  4
0  2
0 54 7
0   5
0 5 7
b

b
0 3
05 57
0  45
05 23
03   7
0 62 5
0 55 3
0 345
0  57
0 54 7
b

b
0   5
0  23
0  457
05  35
07   7
0N10   N107
0    N10
0N10 7 N10
08
075 5
b

b
05 57
0354 7
0 6578
0 67 5
0 5
05
0 54 7
04
05 578
0 67
b

b
05 578
05 23
03 457
0 52 3
0 6235
0  45
0 557 5
0555
08557 5
08557
b

b
0  2
07345
0355 7
05 678
0 34
0 55 78
0 555
03 457
03  57
0 62 5
b

b
0 345 7
0 5 578
0   5
0  2
0 34  3
0   3
0    7
0 3 553
0333  3
0333  3
b

b
0 657 5
0 5553
0 3235
0 5 775
0  6
0 62 5
0    5
0 6
0355 7
033 5
b

b
0 657
03 4 7
0 52
0  578
0  25
0  23
03  57
0  4
053235
0  4
b

b
05   78
073  53
0  2
08 5 75
0   5
085 7 5
07
05
0354 7
053 3
b

b
0 54 7
07 45
05 5775
0  4
05 2
0  5 75
053235
0  5 75
053235
0 3 35
b

b
05 5775
05  7
0  5 75
053235
0  5 75
053235
0 3 35
0555775
e
