$line=o
{fantsiax}
b
03
0 6
0 5
0  5
0   5
0    3
0    3
03
0 6
0 5
b

b
0  5
0   5
0    3
0    3
0  5
0 3
0 5
0 7
03
0 5
b

b
0 7
03
0 5
0 7
03
0 7
03
0 5
0 7
03
b

b
0 5
0 7
03
0 5
0 7
0  7
0   7
0    5
0    5
05
b

b
03
0 7
0  7
0   7
0    5
0    5
0 3
0 5
0 7
03
b

b
05
0 7
03
05
0 7
03
05
03
05
0 7
b

b
03
05
0 7
03
05
0 7
03
0 3
0  3
0   5
b

b
0   5
0 4
0 6
03
05
06
03
05
06
03
b

b
05
06
05
06
05
03
05
06
05
06
b

b
03
05
0 6
0  5
0   3
0   3
08
08
06
05
b

b
0 6
0  5
0   3
0   3
0 6
03
05
06
08
06
b

b
08
06
05
06
08
06
08
05
06
0 3
b

b
0  3
0   5
0   5
06
06
08
0N10
0 6
0  7
0   8
b

b
0     6
06
08
0N10
0 6
0  7
0   8
0     6
06
08
b

b
0N10
08
0N10
06
08
0 6
0  5
0   7
0    8
08
b

b
08
06
05
0 6
0  5
0   3
0   3
08
08
06
b

b
05
0 6
0  5
0   3
08  3
08
06
05
0 6
03
b

b
05
06
08
05
06
0 3
0  3
0   5
0   5
06
b

b
06
05
03
0 3
0  3
0   5
0   5
06
06
05
b

b
03
0 6
0 4
0 3
0  5
0  3
0  2
0   5
0  2
0  3
b

b
0  5
0 3
0 5
0 7
0 8
0 7
0  7
0   7
0    5
0    5
b

b
05
05
0 8
0 7
0  7
0   7
0    5
0    5
05
05
b

b
0 8
0 7
0  7
0   7
0    5
0    5
05
06  5
05
03
b

b
0 6
0 5
0 3
0 5
0 6
0 5
0  5
0   5
0    3
0    3
b

b
03
03
0 6
0 5
0  5
0   5
0    3
0    3
0 3
0 5
b

b
0 6
03
0    3
0 6
0 5
0 3
0 5
03
0 6875
0 5
b

b
0 7
03
05
0    5
03
0 7
0 5
0 7
05
03245
b

b
0 6
03
05
06
0   5
05
03
0 6
03
06
b

b
05563
03
05
06
08
0   3
06
05
03
05
b

b
08
063   6
0  3
0  5
0 3
0     6
0  5
0 3
0  5
063   6
b

b
0  3
0  5
0 3
0     6
0  5
0 3
0  3
05 53
0  2
0  3
b

b
0  5
0   3
0  3
0  5
0  3
05 53
0  2
0  3
0  5
0   3
b

b
0  3
0  5
0  2
03 3 6
0   5
0  2
0  3
0    6
0  2
0  3
b

b
0  2
03 3 6
0   5
0  2
0  3
0    6
0  2
03 3
0   5
0 6875
b

b
0    7
0   3
0   5
0   7
0  3
03 5 3
0 5
0 7
03
0    5
b

b
0 7
03
0 7
03   7
0 5
0 7
03
0   3
0 7
03
b

b
0 7
03  5
0 5
0 7
03
0    3
0 7
03   5
0 7
03   7
b

b
0 5
0 7
03  3
0 5
0 7
03  5
0 7
03   3
0 5
0 7
b

b
03
0    7
0 7
03
0 5
057  5
0  7
03
05
0    7
b

b
03
05
03
05  3
0 7
03
05
0   5
03
05
b

b
03
05  7
0 7
03
05
0    5
03
05   7
03
05  3
b

b
0 7
03
05
0   5
03
05  7
0 7
063 5
0  3
05
b

b
06
0  3
05
06
05
063 5
0  3
05
06
0   5
b

b
05
063
03
086 3
0  2
06
08
0   3
06
05
b

b
03
05653
03
0 6
0 5
0 3
0  5
0  3
0  2
0  3
b

b
0  53
0  2
03335
0  2
0  3
0  2
0  3
0  5
0 3
0 5
b

b
0 7
0 8
0 7775
03 356
0  5
0  775
0 7
0 5
0 8
0 7
b

b
0 8
0 7
0 5
0 7
033 5 3
e
