$line=o
{Ne_le_refuse}
b
0 3
0 3
0 3
05 5
053
05
03 4
05 2
0 6
0  2
b

b
0 55
0 52
03 4
0 55
0 67
056
035
0 67
0 5 7
0  6
b

b
0 3  5
0 6
0 67 5
0    5
0 52 3
0 62 5
0  2
0 3 5 7
0  57 5
0   3
b

b
0     5
0    78
0    75
0   5 7
0    78
0   35
0  23
0   57
0 3235
03 4 7
b

b
0  5 3
0 5
0 62 5
056
035
0 67
0 55 75
0 3 35
0   57
0    78
b

b
0  23
0   57
0 3 35
03   78
0 5
0 62 5
05  35
03 45 3
0  5 78
0  235
b

b
0  57 5
0 5553
0 3235
0 335 3
0  5775
0 3 35
0 3
053
0 3
05 5
b

b
053
03 4
05 2 5
0 6  5
0    5
0 52 3
0 32 5
0  2
0 3 5 7
0  57 5
b

b
0 323
0  2
0  457
0  57
0  57
0  578
0  457
0 5
05557
0 5
b

b
05323
05
03 4 7
05 57
0 62
0  2
0  45
0 5
0 557
0  235
b

b
0 3  5
0    5
0 52 78
0 32 5
0  2
0 3 5 7
0 3
0  57 5
0 323
0  2
b

b
0  457
0 5
0  57
05 43
0  2
0  4 7
04
05 2
0    75
0   3 5
b

b
0   5 7
0  2  5
0 52
033
0     7
05  775
05  7
05
0 6235
0 345 7
b

b
0 657 5
0 6578
0 5553
0 3235
0  35 3
0  5775
0 3 35
0 3
053
0 3
b

b
05 2
05 2
0 55
0 5
035
05
07
0 3
08 5
0  4
b

b
0  2
07
05  7
0  2
03 4 7
03   7
0   35
0   5
0  2 5
0  4
b

b
0  57 5
0   7 5
0    78
0    5
0  457
0  2 3
0  4  7
0  5
0 3 5
0  4
b

b
05 2 5
05 57
05
0 557
0 657
0354 7
055  7
07345
05 45
05 57
b

b
0 3
0 54 7
03   7
05 578
0  57
0 32 5
0  457
0  573
053 3
05 457
b

b
03 5 7
053
0  2
0 52
0 63
0 3
033 5
0 52
0  5  5
0 3 3 7
b

b
0 345 3
0 55 3
0  5
085 7
0 5
0767 5
0  5
05343
0  2
0 54 7
b

b
0 6
03
05 57
0     5
05   5
0    5
0  23
0  2  5
0   5 7
0    78
b

b
0  235
0 3 5 7
0 3
05 5  5
05 2
03 4 7
0 55
0 67
03
05 2 5
b

b
0 557
0   7
0 545
0 5  7
05323
0  45
0  57
0532
0354 7
0 55
b

b
0 67
033
05  7 5
0  5
0 6775
0  4 5
0 557
0   7 5
0 3 5 7
0    78
b

b
05 235
0N10   N107
0N10
08 2  5
0    5
075  7
085  7
0N10323
07 45
0 3
b

b
0  57
05
05323
0 55 7
0  5
03 4
05 57
0 55  5
0 67 5
033   3
b

b
0 5 53
03 5 7
0532 5
0  2
073 5 3
08  578
0  553
0 5
08623
07345
b

b
0555 3
0 5   5
03 4
0 657
0     7
0 5 53
0  4
0  235
0   3
0 3 3 7
b

b
0    5
0 32 75
0  6
0 3235
e
