$line=o
{PB43}
b
063 5
064  6
05 53
034  3
0 6
0 4
0 335
03 5 3
0  2 5
0 7
b

b
03  5
0 3
0   5
0  5 3
0 3
0 4
0 6
03
0 6
0 3 5
b

b
0 4
0 6
0 4
0  53
0 3
0 4  6
0 3 3 6
0  5
0 4
0 3
b

b
0 4  6
0  3
0 4  6
03  5
0 6
03
05
06   6
03
05  3
b

b
03
0 6
0 4
0 3 5
0 4
0 6 3
0 3
0 4
0 6 3
0  35
b

b
0    6
0    5
0    3
0   3
063 5
034 3
063
0 4 6
0 6
03
b

b
05
06  5
05
03   6
0 72 5
03
05
03
05
0 7
b

b
03  5
0 3
0     3
0 45
0    3
0 4
0345
0 3
0 4
0 6
b

b
03
05
063 5
05
06
03
05 53
034  3
0  5
0    3
b

b
0 456
0  5
0  4
0  5
0 3
0 456
0 6 3
0 335
064  6
05 53
b

b
03
06
05
063   6
0 3
0     6
e
