$line=o
{PB97}
b
0 6 3
0 5￾ 3
0 6
0 5
0 3
0 5
0 6 3
0 3
0 5
0 6
b

b
03 3 6
05
06
05
03 ￾ 3
0 6
0 5
0 3
0 5￾ 3
0 6￾ 5
b

b
0 ￿￾ 3
0 5
0 6
0 5
0 3
0 5
0 6
0   3
0   3
05
b

b
035￾ 3
0 6
03
0 5
0 62 5
0 5
0 6
03
0 6
0 5
b

b
0 3
0 55
0 ￿￾ 3
0 ￿  3
05  3
03￿ 5
0￿￿￾ 3
034
0 62 5
0   5
b

b
0  2
0  4
0 55
0 ￿￾ 3
0 55 3
0 3
0 5
0 6
03
0  3
b

b
0 ￿￾ 6
03
05 53
063￾  6
06
05
03
0 6
0 55 3
0 623
b

b
0   53
0 5
0 6
0 5
0 3
0 5
0 6
0   3
0 6 3
0 5
b

b
0 3
0 5
0 6
03
0 ￿￾ 6
0  3 6
03
05 53
06￿￾￿ 6
05
b

b
063￾  6
05
03
0 6
0 55 3
0 6 35
0   53
0 5
0 6
0 5
b

b
0 3
0 5
0 6
0   3
0   3
e
