$line=o
{potessi}
b
0N106 8 6
0N106 8 6
08623
08623
063 5
053 35
033 56
0  5
0 6775
05
b

b
05 3
03
0532
0  5
03
0 63
0 557
0 62
03335
0 5 7
b

b
0 55
0   5
0 673
056  5
0 6
05 53
0 5
06335
03 3 6
0  5
b

b
0 6775
0  77
0 6775
0 6775
0 6775
03335
05653
06678
0   8
0  57
b

b
06 35
0 5
05653
03   6
0  3
03 55
0 32 5
0 7
03  5 3
03
b

b
03
0N10 N10
0N108
085
0N103
063
056
053
085
068
b

b
05   5
0 67
033 5
0  35
0  53
0  5 7
0 3  5
0 3
0    7
0  53
b

b
0  35
0  2 5
0   5
0   4
0   5
0 6775
0 6775
0 678 6
03 356
03 556
b

b
0 6775
0 677
0    5
0 677
0333
0555
0658
0555
0333
0667
b

b
0555
0333  6
0 52 3
0 67 5
03  56
0  35
0    6
0  356
0  335
0  2 3
b

b
03 35 6
05 53 5
05  3
0633  3
0 3 5
05
03335
063  5
05653
03335
b

b
0 32 5
0 7
033 5 3
0 33
033 5
03335
0 6775
03335
05653
0667  6
b

b
0    3
0    5
0    7
05653
0567 5
05557
0333
055 7
0  6
053  5
b

b
0 3
0 55
03 3
03 2
0 6775
03 557
03 35
0   5
05 578
063 5
b

b
0 3 5
063
06335
05653
0 3  5
05577
0  6
0567 5
0 6  5
0567
b

b
0567 5
0667  6
035 53
0 6775
03   6
0  57
0   5
0 6775
0    5
0N106 8 6
b

b
0N106 8 6
08623
08623
063 5
053 35
03  56
0  5
0 6775
05
0533
b

b
03
0532
0  5
03
0 67
0 557
0 62
03335
0 5 7
0 55
b

b
0   5
0 673
056  5
0 6
05 53
0 5
06335
0333 6
0  55
0 678
b

b
0  2 5
0 67 5
0  23
0  35
0  57
0 588
0  57
03535
05 23
06  5
b

b
0 3 3 6
05
0345 3
0 6775
03  56
0  3
0 6  5
03 5 3
05
063   6
b

b
0545 3
034  3
0  3
0 32 5
0 7
0  5
03 356
0  5
0 3
0  23
b

b
0  35
0  57
0 33
0 6
0  57
03 35
05 23
06  5
0 3 3 6
05
b

b
0345 3
0 6775
03  56
0  3
0 6  5
03 5 3
05
063   6
0545 3
034  3
b

b
0  3
0 32 5
0 7
033 5 3
0 33  3
0336 3
0 45 3
033   6
0 33  6
0345 3
b

b
0333  3
e
