$line=o
{prel1}
b
0 32 5
0 32 5
0 335
0 323
0    5
03￿￾￿7
0  6
0  4
03 6 7
0 3
b

b
063￾￿5
05
0  2
03
0 6
0 5
0 33
0 5
0 6
03
b

b
05 2
06￿￾5
0  2
05 5
0  3
03
0852
06
05
03
b

b
05
0 6
03
0 6
0 5
0 33
03
0   5
0 6
0 5
b

b
0 3
0  57
0 6
0   3
0 5 5
0    5
0 3 3
0  5 7
0  3
0  2
b

b
0   5
0   45
0  3
0    3
0  2 5
0 3￾￿￿6
0   5
0 62￿￿5
0 5
0   53
b

b
0 6
03
0  3￿￿3
0 6
0 5
0 3
0 62  5
0 5
0   53
0 3 35
b

b
0  6 75
0 3￾￿56
0    73
0  6￿￿5
0 3￾￿56
0     3
0  3
0     5
0     6
0    3
b

b
0  2 5
0    7
0   3
0  35
0  57
0 3 5
0 5 5
0 6
03
0   3
b

b
0 3￾￿8
0    5
03￿￾￿7
0  5
0   3
0 3 5
0  2
0  4
0 557
05
b

b
0 678
03￿￾5
0 557
08
056 3
063 5
0  2
05 5
0 33
035
b

b
0862
0 5
06
03 5
05
0  3
05￿￾3
0 6
0    7
03￿￾￿3
b

b
055
0 6￾￿5
033￾￿￿6
0 57 5
0  6
0 32 5
05
063 5
05 2
0  35
b

b
03
05￿￾35
0  2
0  3 5
05￿￾￿3
03￿￾￿￿6
0 6
0 5 5
0 3
0  6￿￿5
b

b
0   7
0 3 5
0   3
0    7
0    5
0 5￾￿4
0 6  5
0 3 5
0 5
0 6 3
b

b
03
05￿￾￿5
063
0  45 3
03
0  45
0 323
0 345
0  657
0 3 45
b

b
0   5 3
0 32 5
0  3￿￿3
0 3
0  2￿￿5
0   5 6
0    3
0 3 45
05
06
b

b
053
035
0 67
0 5
0  2
0 33
0 52
0   5
0 3 3
033￾￿7
b

b
0  6
0  2 5
0  3￿￿3
0   5
0  2
0  3
0  5
053
06￿￾5
0  2
b

b
0  3
0  5
0 3
0 5
056
035
0 67
0 5
0  67
0 33
b

b
03￿￾￿￿3
0  3
0 62￿￿5
0 5 53
0 3
03 5
0  3
0 62 5
0 5￾￿￿5
0   53
b

b
0 3
0  5
0  3
0  2 5
0   5
0   3
0    7
0    56
0 6
0 5 5 3
b

b
0 3
0   3
03￿￾￿7
0    5
0 6
0 5 53
0 3
0   3
0  5 75
0  4 57
b

b
0    78
0  235
0 3
0    3
0     7
0  5￿￿5
0  4￿￿3
0  2
0   5
0   3
b

b
0    78
0  57 5
0 3￾￿￿6
0   5
0 5
0 62￿￿5
0 5￾￿3
0    5
0 3
0    7
b

b
0   3
0  6 7
0 3
0    7
0   3
0   5
0  57
0   5
0 5 6
0   7
b

b
0 3
0  5
0  4
0  57
0 3 3
0 5 5
0 62
03 3
0 6
0 5
b

b
0 3
0  57
0   3
0 3
0 5 5
0 62 5
03 3￿￿6
0     3
0 62 5
0 5￾￿￿5
b

b
0   53
0 3 35
0  6 75
0    56
0 3￾￿75
0  6
0 3 35
0 6
0    5
0 5￾￿78
b

b
0 3 3 6
0  5￿￿5
0 33￿￿3
0  2
0   5
0 3245
05
053245
e
