$line=o
{tristia}
b
0  2 5
0  235
0  23
0 2 35
0    3
0  53 5
0     3
0  5  5
0 335 3
0 3 5 3
b

b
0  3
0 6235
0 3
0 6578
0  3
0  5
0 3
0343 6
0343 6
0 3
b

b
0 563
0  3
05 23
0   5
0   3
0    6
06  553
0   5 3
0  2
06 35 3
b

b
0  5  5
0 3   6
0    3
053 35
0 3
0    6
05 53
0 3  5
03 35
0  5
b

b
0  3
0  23
03  56
0   35
03 556
0 5875
0  5
0 63
0  23
06  56
b

b
0  35
0    5
08   3
0     6
08 2  5
0N10 8 56
08   3
0667 5
0    6
05653
b

b
05
0 435
03 556
0 32 5
0 7
03 35 3
03 35 3
03  5 3
03 35 3
0 4
b

b
0 4
0 67
06  5
06  5
05 5
0 3
0 33
03 3
0  5
0 3
b

b
0 6
0 67
03 3
05 5
0 3
05
0 67
03 3
05
0 33
b

b
0 6
0   3 5
0 4
0 33
0  5 6
0   5
0 3235
0 335 3
0 33  3
0  2 3
b

b
0  5
0 6  5
0 3  56
0 4
0 3 5 6
0 45 3
0  3
0 62 5
0  33
0 3235
b

b
0   5 6
0  2 3
0 6 35
03  563
0 58 56
0  5  5
06 35 3
0  2
0   563
05 23
b

b
0  3 53
03
0    6
05 235
03  56
03 556
0 4553
0 6235
0 335 3
0 245 3
b

b
0  2
0 4 53
0    6
0  578
0 3 35
0 3
0 335 3
0   5
03 356
0  2
b

b
0   5
03 556
0    5
0    3
03 553
03 553
0 4553
0 6235
0 335 3
0 245 3
b

b
0  2
0 4 53
0    6
0  578
0 3 356
0 3
0  35 3
0    6
0   5
0 3
b

b
0 323
0    6
0   5
0  55
0 3255
0   4
0 335 3
0 3235
0  235
0 3 35
b

b
0 6235
0 6
0 45
0  5
03 3
0 67 5
0 6
05 578
05
0345 6
b

b
0  5
06335
0 3
05673
05653
0  5
0345 6
03   6
06335
0  5
b

b
0 33
0 4
05653
03 5 6
0 33 5
0 72
03 35 3
0   5
0 24  3
0  2
b

b
0 6 35
0   5
0 62 5
0  3
0 36 3
0  3
03  56
0  2
03 3
0  5
b

b
0 678 6
0 6
0  5  5
05 2   3
0  3  3
05 53 5
0 3   6
03 9 68
0 3   6
06 35 3
b

b
0  5  5
0 3   6
0 4  3
055 35
0 4  6
05 53
03
0    6
0345 3
0    5
b

b
03   6
0 6 3
06 35
0 6
0 33
0 4
05653
034  3
0 33 5
0 72
b

b
033 5 3
e
