$line=o
{tromboncino}
b
03
0 3
0 6
0 45
0 3 5
0  35
0   6
0  5
0 3 5
03
b

b
0 6  5
0 4
0 3 3
0    6
0  5
03 5
0 6  5
0 34
0 45 3
0445
b

b
0333
03
033 5
0 456
0 3
0 45
0 6
033 5
04
03 3
b

b
0  5
0 32 5
0  3 6
086
0 3
07
08 5
064  6
04 53
03 35
b

b
0 656
0 678
0  35
0 5
0 653
03
04
03  5
0 6 6
0  3
b

b
0 45
0 3
03 4
0 45
04
06
03
0445
03
0333
b

b
0 656
0 435
0 3 68
0  5
0  556
0   35
0  45
0  553
03
04
b

b
0  5
03
0 66
06
0 6
04
03
0 6
0 55
03   3
b

b
0 6 64
04
0    3
0  3  6
03
0 6
0 5  3
0   6
0 6 5
0   3
b

b
0   53
0 5
0 6 3
08
08
08 5
068
03
046
063
b

b
034
08 5
063
0 4
046
03
0 5
0 6
0345
0345
b

b
0345
0 33
0 6
06  5
046 6
0 4
0 678
063 5
04
0345
b

b
04
0633
03
08 56
0 3 5
07
08 5
0    3
0    6
0  5
b

b
0    5
0 4  3
0     6
0 3
0  5 6
0  3
0    5
0 4  3
0 3   6
0    3
b

b
0  5
0  5 6
0 6  5
0  4
04 5 3
0   3
03
0 656
0 4
0   5
b

b
04 53
03 5 6
0   64
0 6
0 63  6
0   53
0 5
0 6 3
0  5
0   6
b

b
03 3
0 45
0 63
0   6
03  5
0 6 6
0 4
0 33
0 45
0 3
b

b
0  4
0  5
08
046
063
08 5
063
04
034
04
b

b
06
0 3
06
04 5
03
0 67
03
0445
0   6
03
b

b
0333
0  5
0 6
0 456
0 3 5
06
064  6
0  53
05
06 3  6
b

b
0 6
064
0 3
04 5
03
0 33
0 4
0 6
0  56
0 4 5
b

b
04  3
0 3
034  6
04
0  5
0 4  6
0 3 3
0  56
0  35
0 6 3
b

b
03   6
06 3
04 5
034
0 678
0 45
0 3
0  4
0  5 3
0  356
b

b
0   35
0  563
0 33  6
06
0  53
04
03 3  6
0 6
0   6
0   53
b

b
0 5
0 653
0   3
0 6
08
0  5
08
068
03
06
b

b
046
0 3 3
04
0345
04
0  5
03 3
03
03 35
0  56
b

b
0 6
033 5
0   6
0  3
0 4 5
0 6 6
0 4 5
0 3 3
0  5 6
0 3 3
b

b
0  5 6
0  5 5
0    3
0    5
0 64
08 5
0    3
08
063 5
03 3
b

b
0   5
04 53
063  5
0   56
06
04 53
03
0 6  5
0   5
0  2
b

b
0  4
0 55 3
08
0   3
06
046
03
04
0 4
063
b

b
0  5
0  3
04
0345
0 6
03
0 33
04 56
0  35
0   68
b

b
03
0 63  6
0   53
0 5
0 653
03
04
0   5
0   6
0  3
b

b
03 5
0 6
0   53
0 6
0 4
0    5
0  5 6
0   3
0 345
03
b

b
0   3
0  5 6
0 6  5
0 45 3
0     6
0    3
0 3
0 45
08
0 3 5
b

b
07
05
0734  3
e
