$line=o
{veni_in_hortum}
b
0   5
0 3 5
0 3 5
0  3
0   5
0 335
0 3 5
0  35
0 4553
0  55
b

b
03335
0 3 5
0  2
0N10  8N10
0  5
03335
0 7775
0N1077  N10
06335
0 3 5
b

b
0 3
084553
0 3
0 446
0N103 8N10
03
0  2
03335 3
0N1032  N10
0    N10
b

b
05653
0N106 8 6
08623
06
05 5
03
0 62 5
033
05  3
0  5
b

b
0  356
03
03 556
0332 5
0 7
03335 3
0   5
03335
0  35
0 324
b

b
03335
03 3 6
0  5
03 55
0 7775
06875
06875
06  5
053 4
06335
b

b
033356
0  55
0 6775
0  7
03
056775
0 3
0 567
0567 5
0 63
b

b
05
033
0552
0 3
0  67
0 6775
0  33
03
053235
0  2 5
b

b
0 3
0552  5
0  2
0 6235
0   356
0 5
0 3 5
0 32 75
0  57
0 67 5
b

b
0  2
0 3 3 6
0 6
0 678
0     6
03 3  3
0 3
056775
063  56
0 6
b

b
0 653
05
03
0565
03 553
085
0    5
0 623
08
0N103 8 6
b

b
0633
0     6
0 678 6
05 53
0 6
0355 3
0 335
05
063
0 653
b

b
05
06678
0 6   6
06678 6
0 678 6
0334 6
0343 6
0 678 6
0 5553
03345 3
b

b
0 34  3
035553
0355 3
05563
05653
0355 3
0  3
0 6775
0   5
0 577 5
b

b
0  67
0 67 5
0 3235
0  3
0  356
0  35
03  56
0   35
0  2
0 3   6
b

b
0    5
0  5 75
0  335
0  2
0  23
0    3
0  2 56
0 3 5
0  6775
0 567
b

b
0 77 5
0 32
03345
0 345 3
0355 3
0 5  3
0 6578
0 5553
03
0 5553
b

b
03
0667
034
08
0N106 8
0 67
08
06
0 653
05
b

b
06245
05
03
0 678
0 33
0  2
03335
0 335
03
0345 6
b

b
0  3
0343
0 653
0  2
0 678 6
06
0  5
0567
03
05   5
b

b
06
0852
0   5
0  2
0 33
0355
0 6
067 5
08 2
0N103 8
b

b
0 52
086   5
0N10 N10N12 N10
0  23
0    3
0667  6
0    3
0  2 5
0   57
0 623
b

b
0 4 53
0 3235
05  3
063 5 3
033
0667
05   5
0 653
0345 3
0 32 5
b

b
0 7
03335
0 3   3
0 62 5
05 2 5
0 6  5
056775
0 6  5
0532
056775
b

b
0532
0N1032  N10
095  75
0    75
0  235
0N103 3
0   35
0N106 8 6
0     6
0N106
b

b
05653
086578
0836 3
0845
07875
0   5
0  53
03   7
0    7
0 623
b

b
0   3
0 5553
0 5 5
0 678
0 3
08 57
0  2
06678
05653
05 5
b

b
06678
06
0 67 5
0  2
0 5553
0 55
0N1087  7
0 3   7
084 53
03   3
b

b
078 5 3
073
085553
0   5
0N103 9N103
0 345 3
035553
0  5
03555
03 5
b

b
06678
0 657
08 57
0633
0 63
056 3
0565
0N10 N108 N10
0 62
05 2
b

b
0345 3
0  5
033 5 7
0 3 5 7
0345 3
0 4  3
0 345 3
03 4
05 53
0  5
b

b
03 5 7
08   7
05653
05  3
035553
0 55
0 673 6
0 6
0865  5
0  5  5
b

b
0667  6
0     6
05653
0565
06678
06
086578
0  57
0 33  6
0 33
b

b
035553
0    3
06875 3
03    3
056775
0 62
0 32  5
05
0532 5
0 3  5
b

b
03335 3
03335
0  35
05653
0565
035553
0 55 3
0 6778
0    8
0 3 3 6
b

b
0  33
0 335 3
063
0 3
0 335 3
05
03
0  3
0 32 5
0 72
b

b
03335
0  35
0 3
034356
0 45 3
0 4  3
03335
0 335
034553
03335 3
b

b
0  3
034553
03
034553
034553
03345 3
e
